j,Grad_X(j),Grad_Y(j),Grad_Y(j)
0,0.0,0.0,0.0
1,11.8430775959,2.11890635036,14.3223702472
2,8.9903621882,1.60851226782,10.8724522706
3,8.73657768232,1.56310636693,10.5655391709
4,8.45870872666,1.51339139248,10.229499655
5,8.18378934445,1.4642041415,9.89702719193
6,7.91165278997,1.41551478065,9.56792012848
7,7.64240598486,1.36734243985,9.24230776986
8,7.37614767028,1.31970478538,8.92030952821
9,7.1129713987,1.27261855519,8.60203854078
10,6.85296560322,1.22609957132,8.28760175372
11,6.59621369736,1.1801627577,7.97710004279
12,6.34279417495,1.13482215808,7.67062833412
13,6.09278071024,1.0900909539,7.36827572532
14,5.84624225832,1.04598148226,7.07012560691
15,5.60324315562,1.00250525394,6.77625578385
16,5.36384322054,0.95967297134,6.48673859722
17,5.12809785397,0.917494546538,6.20164104587
18,4.89605813988,0.875979119225,5.92102490792
19,4.66777094563,0.835135074682,5.64494686221
20,4.44327902216,0.794970061702,5.37345860938
21,4.22262110385,0.755491010453,5.10660699267
