,0,1,2
0,0.0,0.0,0.0
1,11.843077595912437,2.1189063503618932,14.32237024717866
2,8.990362188202743,1.6085122678185282,10.872452270556343
3,8.736577682322906,1.5631063669333463,10.565539170886987
4,8.45870872665592,1.5133913924775504,10.229499655005668
5,8.183789344453725,1.4642041414994145,9.897027191932514
6,7.911652789967381,1.4155147806539503,9.56792012847929
7,7.642405984860941,1.3673424398496918,9.242307769858174
8,7.3761476702836495,1.3197047853769244,8.920309528214046
9,7.112971398701072,1.2726185551916755,8.602038540781697
10,6.8529656032179656,1.2260995713185396,8.287601753720839
11,6.5962136973636945,1.180162757703959,7.977100042791423
12,6.342794174951625,1.1348221580824513,7.670628334117812
13,6.092780710240919,1.0900909538971404,7.368275725319234
14,5.846242258318284,1.045981482259568,7.070125606905889
15,5.603243155622295,1.00250525393501,6.776255783847503
16,5.363843220535232,0.9596729713398876,6.4867385972236375
17,5.128097853969865,0.9174945465382277,6.201641045868002
18,4.896058139880991,0.8759791192248334,5.9210249079213035
19,4.667770945633356,0.8351350746824646,5.644946862210922
20,4.443279022160285,0.7949700617018396,5.37345860937728
21,4.222621103849587,0.7554910104527331,5.106606992670334
